0.000000000000000000e+00 0.000000000000000000e+00 1.580000000000000000e+02 1.000000000000000000e+02 2.200000000000000000e+02 1.740000000000000000e+02
0.000000000000000000e+00 1.000000000000000000e+00 3.600000000000000000e+01 1.290000000000000000e+02 9.200000000000000000e+01 1.900000000000000000e+02
0.000000000000000000e+00 1.000000000000000000e+00 2.350000000000000000e+02 7.700000000000000000e+01 2.960000000000000000e+02 1.530000000000000000e+02
0.000000000000000000e+00 1.000000000000000000e+00 3.390000000000000000e+02 5.600000000000000000e+01 4.160000000000000000e+02 1.260000000000000000e+02
1.000000000000000000e+00 0.000000000000000000e+00 1.490000000000000000e+02 1.270000000000000000e+02 2.160000000000000000e+02 2.010000000000000000e+02
1.000000000000000000e+00 0.000000000000000000e+00 2.940000000000000000e+02 9.500000000000000000e+01 3.710000000000000000e+02 1.860000000000000000e+02
1.000000000000000000e+00 0.000000000000000000e+00 3.610000000000000000e+02 1.220000000000000000e+02 4.070000000000000000e+02 1.750000000000000000e+02
1.000000000000000000e+00 0.000000000000000000e+00 2.650000000000000000e+02 1.280000000000000000e+02 3.030000000000000000e+02 1.780000000000000000e+02
1.000000000000000000e+00 0.000000000000000000e+00 0.000000000000000000e+00 1.000000000000000000e+02 5.400000000000000000e+01 2.260000000000000000e+02
2.000000000000000000e+00 0.000000000000000000e+00 1.510000000000000000e+02 1.990000000000000000e+02 2.900000000000000000e+02 4.060000000000000000e+02
2.000000000000000000e+00 1.000000000000000000e+00 7.500000000000000000e+01 1.100000000000000000e+02 1.210000000000000000e+02 1.670000000000000000e+02
2.000000000000000000e+00 1.000000000000000000e+00 8.100000000000000000e+01 9.200000000000000000e+01 1.250000000000000000e+02 1.360000000000000000e+02
2.000000000000000000e+00 1.000000000000000000e+00 1.530000000000000000e+02 7.900000000000000000e+01 1.880000000000000000e+02 1.260000000000000000e+02
2.000000000000000000e+00 1.000000000000000000e+00 2.390000000000000000e+02 8.100000000000000000e+01 2.740000000000000000e+02 1.320000000000000000e+02
2.000000000000000000e+00 1.000000000000000000e+00 2.710000000000000000e+02 1.120000000000000000e+02 3.090000000000000000e+02 1.600000000000000000e+02
